epoch,time,train/box_loss,train/cls_loss,train/dfl_loss,metrics/precision(B),metrics/recall(B),metrics/mAP50(B),metrics/mAP75(B),metrics/mAP50-95(B),val/box_loss,val/cls_loss,val/dfl_loss,lr/pg0,lr/pg1,lr/pg2
1,673.18,3.95845,5.51949,4.28277,0.00058,0.00096,0.00015,2e-05,4e-05,3.73085,inf,4.78053,0.00332508,0.00332508,0.00332508
2,921.532,2.56323,3.18069,2.7725,0.57313,0.19358,0.17576,0.08657,0.0919,1.85036,2.11615,2.09016,0.0065925,0.0065925,0.0065925
3,1168.57,1.68116,1.81681,1.78485,0.56219,0.29004,0.27775,0.15932,0.15723,1.5267,1.56651,1.72629,0.00979391,0.00979391,0.00979391
4,1414.78,1.43308,1.41296,1.54741,0.56602,0.37569,0.37965,0.22089,0.22095,1.30227,1.18543,1.50531,0.009703,0.009703,0.009703
5,1662.54,1.29374,1.17416,1.42728,0.60806,0.44901,0.43831,0.26908,0.26338,1.20932,1.0198,1.43031,0.009604,0.009604,0.009604
6,1908.67,1.22117,1.0474,1.3724,0.61696,0.48613,0.49445,0.30398,0.29939,1.13934,0.92986,1.37055,0.009505,0.009505,0.009505
7,2154.45,1.16953,0.96813,1.33425,0.65805,0.52815,0.53359,0.33437,0.32655,1.09653,0.86908,1.33014,0.009406,0.009406,0.009406
8,2400.38,1.13182,0.91398,1.30688,0.64727,0.55917,0.5554,0.35377,0.34356,1.06738,0.83042,1.30752,0.009307,0.009307,0.009307
9,2646.67,1.11075,0.87789,1.28923,0.68264,0.57245,0.58022,0.37337,0.36102,1.03759,0.78739,1.28125,0.009208,0.009208,0.009208
10,2892.68,1.08618,0.84659,1.27407,0.65582,0.5932,0.60246,0.38329,0.37429,1.0226,0.76476,1.26592,0.009109,0.009109,0.009109
11,3138.77,1.06997,0.81998,1.26103,0.66725,0.6141,0.61435,0.39863,0.38677,1.00544,0.73908,1.25527,0.00901,0.00901,0.00901
12,3384.89,1.0543,0.80264,1.24928,0.68347,0.61973,0.6291,0.41169,0.39814,0.99118,0.72275,1.24282,0.008911,0.008911,0.008911
13,3630.45,1.04264,0.78465,1.24189,0.69768,0.62988,0.64069,0.42305,0.40732,0.96913,0.7024,1.22518,0.008812,0.008812,0.008812
14,3876.67,1.03258,0.76676,1.23213,0.69737,0.646,0.6515,0.43183,0.41577,0.96371,0.68349,1.22168,0.008713,0.008713,0.008713
15,4124.09,1.01641,0.75153,1.22345,0.71391,0.64646,0.66407,0.4433,0.42686,0.95024,0.66689,1.21018,0.008614,0.008614,0.008614
16,4370.86,1.01228,0.74395,1.21949,0.7168,0.66717,0.6749,0.45888,0.43631,0.94137,0.65916,1.20427,0.008515,0.008515,0.008515
17,4616.8,1.00076,0.73039,1.21345,0.71875,0.67052,0.68138,0.46229,0.44154,0.9345,0.64522,1.19865,0.008416,0.008416,0.008416
18,4862.58,0.9954,0.71929,1.20667,0.72538,0.67347,0.69114,0.47269,0.45092,0.92638,0.63294,1.19216,0.008317,0.008317,0.008317
19,5108.09,0.98752,0.71251,1.20426,0.72193,0.68584,0.69618,0.4799,0.4561,0.91736,0.62881,1.18353,0.008218,0.008218,0.008218
20,5353.75,0.9807,0.70359,1.19682,0.73048,0.689,0.70196,0.48236,0.46033,0.91025,0.61927,1.17822,0.008119,0.008119,0.008119
21,5598.94,0.97733,0.69906,1.19745,0.73078,0.69812,0.71265,0.49241,0.46767,0.90291,0.61087,1.17244,0.00802,0.00802,0.00802
22,5844.21,0.96879,0.68822,1.1894,0.73541,0.69874,0.71347,0.49199,0.46957,0.89698,0.60532,1.16796,0.007921,0.007921,0.007921
23,6089.47,0.965,0.68304,1.18766,0.74783,0.69837,0.71795,0.49974,0.47565,0.89156,0.59834,1.16478,0.007822,0.007822,0.007822
24,6334.91,0.95841,0.67864,1.1846,0.74867,0.7073,0.72133,0.50426,0.47906,0.88832,0.59184,1.16092,0.007723,0.007723,0.007723
25,6580.38,0.95586,0.67605,1.18141,0.74291,0.71479,0.7241,0.5081,0.48182,0.8855,0.58809,1.15953,0.007624,0.007624,0.007624
26,6826.14,0.95356,0.66741,1.17955,0.75146,0.71545,0.7285,0.50877,0.48415,0.88183,0.583,1.15581,0.007525,0.007525,0.007525
27,7072.1,0.94803,0.66441,1.17613,0.75675,0.71438,0.73128,0.51352,0.48645,0.87809,0.57954,1.15309,0.007426,0.007426,0.007426
28,7317.84,0.94205,0.65609,1.17209,0.75731,0.71852,0.73395,0.51871,0.49066,0.87471,0.57508,1.15159,0.007327,0.007327,0.007327
29,7564.34,0.93681,0.65382,1.16692,0.75695,0.72114,0.73754,0.52111,0.49333,0.87228,0.57266,1.1492,0.007228,0.007228,0.007228
30,7812.02,0.93707,0.64969,1.16641,0.76207,0.72076,0.74056,0.52474,0.49567,0.86945,0.56927,1.14739,0.007129,0.007129,0.007129
31,8058.75,0.93275,0.64652,1.16677,0.75947,0.72779,0.74135,0.5274,0.49749,0.86685,0.56628,1.14525,0.00703,0.00703,0.00703
32,8304.07,0.92912,0.64095,1.16357,0.76116,0.72859,0.7433,0.53141,0.50047,0.86435,0.56309,1.14297,0.006931,0.006931,0.006931
33,8549.56,0.92668,0.63899,1.16001,0.76472,0.72851,0.74528,0.53153,0.50193,0.86227,0.56106,1.14102,0.006832,0.006832,0.006832
34,8795.04,0.92444,0.63516,1.16094,0.76729,0.73066,0.74772,0.53499,0.50397,0.86012,0.55852,1.13963,0.006733,0.006733,0.006733
35,9040.35,0.91992,0.63178,1.15753,0.76454,0.73446,0.74902,0.53586,0.50528,0.85831,0.55684,1.13824,0.006634,0.006634,0.006634
36,9285.78,0.91913,0.62983,1.15642,0.76636,0.73447,0.7505,0.53908,0.50755,0.85694,0.5547,1.13716,0.006535,0.006535,0.006535
37,9533.04,0.91425,0.62395,1.15207,0.76665,0.7367,0.75243,0.54187,0.50926,0.85502,0.55276,1.13565,0.006436,0.006436,0.006436
38,9778.31,0.91168,0.6217,1.15001,0.7682,0.73933,0.75358,0.54221,0.50995,0.85419,0.5511,1.13477,0.006337,0.006337,0.006337
39,10023.5,0.9079,0.61824,1.14886,0.76886,0.74092,0.75408,0.54282,0.51044,0.85263,0.54978,1.13351,0.006238,0.006238,0.006238
40,10268.6,0.90602,0.61499,1.14788,0.77193,0.73957,0.7549,0.54432,0.51167,0.85154,0.54834,1.13241,0.006139,0.006139,0.006139
41,10514.3,0.90392,0.61187,1.14511,0.77409,0.74132,0.75703,0.54539,0.51291,0.85052,0.54695,1.13146,0.00604,0.00604,0.00604
42,10759.7,0.90129,0.61195,1.14338,0.77672,0.74036,0.75759,0.54597,0.5134,0.84968,0.54577,1.13072,0.005941,0.005941,0.005941
43,11005.3,0.89921,0.60751,1.1412,0.7775,0.74043,0.75816,0.54633,0.51451,0.84904,0.54473,1.12999,0.005842,0.005842,0.005842
44,11251,0.89682,0.60435,1.13901,0.77658,0.74164,0.75897,0.54638,0.51505,0.84812,0.54379,1.12907,0.005743,0.005743,0.005743
45,11497.4,0.8955,0.60353,1.13925,0.77749,0.7411,0.75953,0.54719,0.51575,0.84739,0.54272,1.12857,0.005644,0.005644,0.005644
46,11745.2,0.89534,0.60092,1.13939,0.77832,0.74161,0.76063,0.54768,0.51666,0.84674,0.5416,1.12801,0.005545,0.005545,0.005545
47,11991.3,0.8919,0.59851,1.1371,0.77866,0.74281,0.76152,0.54874,0.51726,0.84579,0.54063,1.12733,0.005446,0.005446,0.005446
48,12236.4,0.88922,0.59593,1.13633,0.77883,0.74507,0.76239,0.54945,0.51808,0.8453,0.53983,1.12681,0.005347,0.005347,0.005347
49,12481.4,0.88522,0.59308,1.13343,0.77887,0.74755,0.76307,0.54909,0.51854,0.84467,0.53884,1.12625,0.005248,0.005248,0.005248
50,12726.5,0.88261,0.59074,1.13236,0.77828,0.74911,0.76359,0.54943,0.51887,0.84409,0.53805,1.12578,0.005149,0.005149,0.005149
51,12971.2,0.88037,0.58729,1.13065,0.77795,0.75051,0.76425,0.54977,0.51944,0.84334,0.53718,1.12528,0.00505,0.00505,0.00505
52,13215.7,0.8795,0.58605,1.12901,0.77774,0.74988,0.76434,0.55015,0.52006,0.84265,0.53633,1.12472,0.004951,0.004951,0.004951
53,13460.5,0.87563,0.58224,1.12809,0.77843,0.75012,0.76477,0.55129,0.52055,0.84224,0.53553,1.12431,0.004852,0.004852,0.004852
54,13705.9,0.8725,0.58069,1.12396,0.77864,0.75075,0.76552,0.55187,0.52091,0.84158,0.5347,1.12377,0.004753,0.004753,0.004753
55,13950.9,0.87315,0.57929,1.12548,0.77899,0.75097,0.76614,0.55319,0.52171,0.84094,0.53391,1.12331,0.004654,0.004654,0.004654
56,14196.2,0.87256,0.58031,1.12629,0.77922,0.75243,0.76687,0.55486,0.52254,0.84022,0.53309,1.12271,0.004555,0.004555,0.004555
57,14440.9,0.86934,0.57639,1.12409,0.7797,0.75218,0.76764,0.55627,0.5232,0.83968,0.53229,1.12216,0.004456,0.004456,0.004456
58,14685.6,0.86563,0.57304,1.12222,0.78081,0.75265,0.76831,0.55586,0.52366,0.83912,0.53159,1.1217,0.004357,0.004357,0.004357
59,14931.3,0.86733,0.57091,1.1214,0.78099,0.75297,0.76867,0.55646,0.52404,0.83862,0.53099,1.12127,0.004258,0.004258,0.004258
60,15177.4,0.86225,0.56815,1.11721,0.78156,0.75228,0.76879,0.55694,0.52456,0.83804,0.53027,1.12076,0.004159,0.004159,0.004159
61,15423.6,0.86401,0.56954,1.11878,0.78238,0.75335,0.76907,0.55655,0.52505,0.83756,0.52953,1.12033,0.00406,0.00406,0.00406
62,15669.3,0.85819,0.56298,1.11422,0.78335,0.75322,0.76952,0.55677,0.52574,0.837,0.52891,1.11984,0.003961,0.003961,0.003961
63,15914.5,0.85631,0.56266,1.11546,0.78448,0.7529,0.76978,0.55789,0.52633,0.83632,0.52812,1.11934,0.003862,0.003862,0.003862
64,16159.7,0.85589,0.56193,1.11341,0.78632,0.75341,0.77042,0.55823,0.52704,0.83572,0.52741,1.11886,0.003763,0.003763,0.003763
65,16405,0.84985,0.55882,1.11119,0.78698,0.75439,0.77114,0.559,0.52734,0.83526,0.52681,1.11843,0.003664,0.003664,0.003664
66,16650,0.85212,0.55653,1.11105,0.7896,0.75343,0.77144,0.55952,0.52776,0.83482,0.52585,1.11796,0.003565,0.003565,0.003565
67,16895.2,0.84557,0.55287,1.10743,0.79064,0.75318,0.77221,0.56132,0.52875,0.83416,0.52519,1.11746,0.003466,0.003466,0.003466
68,17140.3,0.84573,0.55427,1.10821,0.78577,0.75728,0.77265,0.56198,0.52979,0.83356,0.52458,1.11694,0.003367,0.003367,0.003367
69,17385.5,0.84629,0.55215,1.10735,0.78326,0.75895,0.77316,0.56293,0.53009,0.83322,0.52391,1.11655,0.003268,0.003268,0.003268
70,17630.4,0.84275,0.54985,1.10674,0.78431,0.75857,0.77334,0.56378,0.53058,0.8328,0.52336,1.11615,0.003169,0.003169,0.003169
71,17876,0.83972,0.54798,1.10294,0.78155,0.76057,0.77383,0.56363,0.531,0.83227,0.52302,1.11572,0.00307,0.00307,0.00307
72,18121.1,0.83749,0.54519,1.1028,0.78257,0.76052,0.77449,0.5648,0.53149,0.83171,0.52237,1.11529,0.002971,0.002971,0.002971
73,18366.9,0.8364,0.54369,1.10134,0.7827,0.76132,0.77511,0.56555,0.53197,0.83139,0.52179,1.11493,0.002872,0.002872,0.002872
74,18611.4,0.83228,0.5414,1.09899,0.78073,0.76254,0.77543,0.56545,0.53239,0.83083,0.5214,1.11448,0.002773,0.002773,0.002773
75,18858.2,0.8312,0.53961,1.1004,0.78012,0.76327,0.77586,0.56568,0.53279,0.83031,0.52095,1.11406,0.002674,0.002674,0.002674
76,19104.2,0.82961,0.53886,1.09693,0.75613,0.7642,0.77658,0.56608,0.53334,0.82984,0.52051,1.11352,0.002575,0.002575,0.002575
77,19349.3,0.82988,0.53627,1.09739,0.7568,0.76537,0.77736,0.56714,0.53417,0.82943,0.51991,1.11307,0.002476,0.002476,0.002476
78,19594.6,0.82694,0.53111,1.09678,0.75891,0.76483,0.77762,0.56808,0.53466,0.82893,0.5195,1.11259,0.002377,0.002377,0.002377
79,19838.9,0.8246,0.53356,1.09566,0.76131,0.76627,0.77805,0.56868,0.5355,0.82852,0.51892,1.11222,0.002278,0.002278,0.002278
80,20084.4,0.82383,0.53117,1.09541,0.76264,0.76618,0.77839,0.5687,0.53581,0.82812,0.51862,1.11188,0.002179,0.002179,0.002179
81,20338.3,0.81585,0.52451,1.09075,0.7649,0.76613,0.77901,0.56832,0.53632,0.82765,0.51823,1.11149,0.00208,0.00208,0.00208
82,20592.3,0.81565,0.52375,1.08855,0.76626,0.76713,0.77942,0.56891,0.53686,0.82726,0.5179,1.11115,0.001981,0.001981,0.001981
83,20847.5,0.81568,0.5241,1.0901,0.7683,0.76706,0.77951,0.56862,0.53708,0.82672,0.51739,1.11071,0.001882,0.001882,0.001882
84,21101.8,0.81242,0.52086,1.08657,0.76927,0.76857,0.78005,0.56962,0.53781,0.82632,0.51712,1.11027,0.001783,0.001783,0.001783
85,21356.7,0.80864,0.51714,1.08531,0.77085,0.76819,0.78039,0.57067,0.5384,0.82587,0.51673,1.10992,0.001684,0.001684,0.001684
86,21611.4,0.80618,0.51511,1.08434,0.77295,0.76909,0.78056,0.5708,0.53877,0.82545,0.51634,1.10954,0.001585,0.001585,0.001585
87,21866.2,0.80596,0.51323,1.0826,0.77362,0.77038,0.78121,0.57116,0.53937,0.82505,0.51614,1.10918,0.001486,0.001486,0.001486
88,22121.1,0.80132,0.51146,1.0808,0.77621,0.76992,0.78189,0.57247,0.53998,0.82475,0.51591,1.10882,0.001387,0.001387,0.001387
89,22376.4,0.7969,0.50868,1.07646,0.7785,0.77013,0.78202,0.57266,0.54065,0.82435,0.51566,1.10845,0.001288,0.001288,0.001288
90,22631.7,0.79749,0.50691,1.07861,0.77895,0.76984,0.78279,0.57309,0.54085,0.82391,0.51543,1.10809,0.001189,0.001189,0.001189
91,22898.2,0.76991,0.47126,1.07204,0.77823,0.77093,0.78322,0.5739,0.54148,0.82353,0.51497,1.10775,0.00109,0.00109,0.00109
92,23149.5,0.76114,0.46374,1.06584,0.77938,0.77067,0.78382,0.57435,0.54221,0.82317,0.51438,1.10739,0.000991,0.000991,0.000991
93,23401.2,0.75604,0.46016,1.06153,0.78088,0.77076,0.78439,0.57539,0.54263,0.8227,0.51376,1.10704,0.000892,0.000892,0.000892
94,23652.9,0.75204,0.45767,1.0601,0.78117,0.77084,0.78514,0.57689,0.54323,0.82217,0.51322,1.1066,0.000793,0.000793,0.000793
95,23904.4,0.74751,0.45422,1.05626,0.78093,0.7708,0.78534,0.57758,0.54387,0.82174,0.51271,1.10634,0.000694,0.000694,0.000694
96,24155.3,0.74189,0.44982,1.05171,0.78022,0.77152,0.78598,0.5782,0.54432,0.82132,0.51229,1.10599,0.000595,0.000595,0.000595
97,24406.8,0.73921,0.44691,1.05011,0.77948,0.77321,0.78667,0.57898,0.54499,0.82093,0.5119,1.10567,0.000496,0.000496,0.000496
98,24658.4,0.7348,0.44372,1.04878,0.77956,0.77367,0.78736,0.57843,0.54528,0.82052,0.51133,1.10533,0.000397,0.000397,0.000397
99,24909.6,0.73022,0.44035,1.04462,0.78007,0.77386,0.78779,0.57936,0.54576,0.82006,0.51061,1.105,0.000298,0.000298,0.000298
100,25160.8,0.7264,0.43825,1.0422,0.77864,0.77543,0.7885,0.58037,0.5465,0.81963,0.50994,1.10461,0.000199,0.000199,0.000199










测试集整体性能指标================================================精确率 (Precision): 0.7802召回率 (Recall): 0.7745mAP@0.5: 0.7886mAP@0.5:0.95: 0.5467F1 分数: 0.7773
